0.0 250.0
-239.73106866578462 70.91554636580656
-136.00527772234244 -209.7678822691131
162.57196003927922 -189.92197821470532
228.23631268190692 102.020515453348
-33.087937524443255 247.8007029658684
-247.00790602321547 38.56286247189601
-107.04566737403776 -225.92305127287668
186.2782901198372 -166.73451541306548
212.7258811335296 131.33049720443245
-65.59371342598219 241.24150712302833
-249.93879333965495 5.531689065488934
-76.20265527555416 -238.10324510378908
206.70716987252587 -140.61346280954302
193.47267038947228 158.32980077157495
-96.94540885235762 230.4378174311873
-248.47216348084382 -27.59681095976189
-44.01890498714677 -246.09416084851046
223.49916590013947 -112.01840403229254
170.81542868403025 182.54339024870492
-126.59141027743969 215.57971807192098
-242.63382088437118 -60.239762309050356
-11.06066952126774 -249.755203328662
236.35883350619258 -81.45245130499106
145.15279605307856 203.54524263164046
-154.0101147971641 196.92862803605863
-232.52648754669045 -91.82283261367412
22.09217152600036 -249.02195878529622
245.0599148600779 -49.453393501067055
116.93629051128335 220.96584342712507
-178.71910740729115 174.81270161959378
-218.3279956936619 -121.79033745083537
54.85631459475118 -243.90732819880932
249.4493198624727 -16.584234083905933
86.66236387425758 234.49868802986038
-200.28364879451019 149.6210547535249
-200.28815893345762 -149.6150172644645
86.655295023569 -234.5013003042376
249.44981967015008 16.576714587927817
54.86366699851591 243.9056744798611
-218.32432430349866 121.79691875175148
-178.72437694194107 -174.8073141682434
116.92962958568974 -220.96936829559294
245.06140548930563 49.44600630593056
22.099678121882874 249.02129271793038
-232.52371950113135 91.8298419325613
-154.01605101334113 -196.92398541126448
145.14666024741118 -203.54961807633683
236.3612887302792 81.44532638378702
-11.053140807139915 249.7555366319184
-242.63200488545132 60.24707632131466
-126.59790873112273 -215.5759019577706
170.80992595396268 -182.54853928640946
223.50254252094857 112.01166674356554
-44.01148661780285 246.09548765812622
-248.47133147993154 27.60430097991949
-96.95235520730736 -230.43489496982895
193.46789755210793 -158.33563280818086
206.71140848052036 140.60723169168597
-76.19547777257574 238.10554207537658
-249.93895997528736 -5.5241548196709855
-65.60098546541597 -241.23952973334673
212.7219221639649 -131.33690962889318
186.28331613935316 166.72890009871054
-107.03885702111289 225.9262779926535
-247.00906836354253 -38.555416560773565
-33.09540730136298 -247.7997054388017
228.23323723574205 -102.02739544305484
162.57768504063813 189.9170775018062
-135.99895434338308 209.77198196495738
-239.73320626015328 -70.90831979554162
-0.007536088339872113 -249.99999988641474
