216.50635094610968 -124.99999999999994
191.5111107797445 -160.69690242163483
-216.50635094610965 125.00000000000003
-191.51111077974448 -160.69690242163486
3.061616997868383e-14 -250.0
0.0 250.0
-246.20193825305202 43.41204441673249
191.5111107797445 160.69690242163483
250.0 1.5308084989341916e-14
85.50503583141722 -234.92315519647707
-85.50503583141716 -234.9231551964771
-125.00000000000003 -216.50635094610965
-85.50503583141715 234.9231551964771
-250.0 -4.5924254968025744e-14
160.6969024216348 191.5111107797445
234.92315519647707 85.5050358314172
85.50503583141717 234.9231551964771
124.99999999999999 216.50635094610968
246.201938253052 43.412044416732606
-43.41204441673262 -246.201938253052
-160.6969024216349 191.51111077974446
-191.51111077974454 160.6969024216348
124.99999999999999 -216.50635094610968
160.69690242163486 -191.51111077974448
234.9231551964771 -85.50503583141717
43.41204441673257 -246.201938253052
246.201938253052 -43.41204441673258
-234.92315519647707 85.50503583141725
43.412044416732584 246.201938253052
-216.5063509461096 -125.00000000000011
-246.201938253052 -43.412044416732584
-234.9231551964771 -85.50503583141713
-160.6969024216348 -191.5111107797445
-125.00000000000011 216.5063509461096
216.50635094610965 125.00000000000003
-43.4120444167326 246.201938253052
